Вариант 1634
XString:   7[1], 17[1], 25[1], 29[1], 39[1], 48[1], 60[1], 64[1]
XFile:     11[1], 35[1], 52[1], 71[1]
XText:     12[1], 34[1], 41[1], 45[1], 50[1], 55[1]
OOP1Creat: 6[1], 5[1], 8[1], 9[1]
OOP2Struc: 3[1], 7[1], 9[1], 10[1]
OOP3Behav: 7[2], 4[1], 5[1], 9[2], 10[2], 15[2], 13[2], 16[2]
LinqBegin: 1[1], 12[1], 23[1], 30[1], 35[1], 42[1], 47[1], 53[1], 58[1]
LinqObj:   3[1], 22[1], 36[1], 37[1], 51[1], 70[2], 73[2], 83[3], 96[3]
LinqXml:   6[1], 17[1], 27[1], 33[1], 47[2], 58[2], 76[2], 64[2], 88[2], 
           74[2]
